Accuracy: 0.8463

                  precision    recall  f1-score   support

         Андезит       0.66      0.47      0.55        87
        Аргиллит       0.65      0.95      0.77        87
         Базальт       0.76      0.73      0.74        88
          Габбро       0.87      0.23      0.36        87
Глинистый сланец       0.91      0.49      0.64        88
           Гнейс       1.00      1.00      1.00        87
          Гранит       0.70      0.86      0.77        88
          Диорит       0.71      1.00      0.83        88
         Доломит       1.00      1.00      1.00        87
           Дунит       0.77      0.99      0.87        88
       Известняк       1.00      1.00      1.00        88
         Кварцит       1.00      1.00      1.00        87
     Конгломерат       0.57      0.89      0.69        88
         Кремень       1.00      1.00      1.00        88
          Мрамор       1.00      1.00      1.00        88
        Обсидиан       1.00      1.00      1.00        87
        Песчаник       0.73      0.31      0.44        87
          Риолит       0.89      1.00      0.94        87
     Серпентинит       1.00      1.00      1.00        87
             Туф       1.00      1.00      1.00        88

        accuracy                           0.85      1750
       macro avg       0.86      0.85      0.83      1750
    weighted avg       0.86      0.85      0.83      1750
